ro851rud@g149-lx06:~/z-drive/sypr-uebung/Aufgabe3$ make stringsort-optimiert
make: 'stringsort-optimiert' is up to date.
ro851rud@g149-lx06:~/z-drive/sypr-uebung/Aufgabe3$ ./stringsort-optimiert 200
Unsortiertes Feld:
194
94
142
95
121
0
32
62
175
53
183
102
132
100
175
197
74
137
171
91
58
90
30
31
154
198
13
172
3
124
35
150
19
129
45
92
129
77
154
57
82
89
111
166
190
87
163
16
24
86
107
82
176
89
65
83
40
79
7
43
155
43
145
174
124
142
67
6
19
173
15
53
63
126
20
5
165
135
21
141
174
80
24
150
122
41
185
162
72
193
157
28
188
103
154
64
45
173
22
17
147
37
22
162
116
194
119
33
130
140
175
104
172
151
6
94
192
144
56
65
89
166
45
29
69
199
93
66
173
68
83
72
57
58
186
125
52
105
159
182
197
86
38
169
37
197
64
29
93
72
46
182
38
91
11
107
43
56
126
16
76
9
88
134
19
26
59
72
131
170
6
128
56
197
97
45
194
161
27
87
34
73
69
24
117
32
132
160
40
58
176
117
19
16
51
39
42
62
63
125
Sortiertes Feld:
0 100 102 103 104 105 107* 11 111 116 117* 119 121 122 124* 125* 126* 128 129* 13 130 131 132* 134 135 137 140 141 142* 144 145 147 15 150* 151 154** 155 157 159 16** 160 161 162* 163 165 166* 169 17 170 171 172* 173** 174* 175** 176* 182* 183 185 186 188 19*** 190 192 193 194** 197*** 198 199 20 21 22* 24** 26 27 28 29* 3 30 31 32* 33 34 35 37* 38* 39 40* 41 42 43** 45*** 46 5 51 52 53* 56** 57* 58** 59 6** 62* 63* 64* 65* 66 67 68 69* 7 72*** 73 74 76 77 79 80 82* 83* 86* 87* 88 89** 9 90 91* 92 93* 94* 95 97
n = 200
ro851rud@g149-lx06:~/z-drive/sypr-uebung/Aufgabe3$ valgrind ./stringsort-optimiert 200
==4556== Memcheck, a memory error detector
==4556== Copyright (C) 2002-2013, and GNU GPL'd, by Julian Seward et al.
==4556== Using Valgrind-3.10.0 and LibVEX; rerun with -h for copyright info
==4556== Command: ./stringsort-optimiert 200
==4556== 
Unsortiertes Feld:
60
199
16
135
182
147
11
188
65
190
26
50
161
88
57
37
25
62
82
34
115
17
149
166
112
8
96
42
0
166
122
12
165
90
148
99
38
159
87
55
101
113
105
62
154
162
100
131
176
134
118
91
151
67
10
15
27
106
58
27
24
132
192
189
23
140
40
13
51
79
68
104
145
174
167
99
88
19
182
65
105
100
156
56
119
166
71
98
24
81
78
48
14
70
189
189
162
29
2
13
109
22
117
54
148
36
105
37
7
39
102
112
140
10
120
11
177
144
110
153
25
140
2
191
10
143
132
172
173
86
137
34
109
6
40
57
195
97
94
2
136
148
67
28
159
139
40
88
83
102
41
61
42
195
4
52
139
137
176
64
23
113
50
84
119
42
142
114
139
188
69
75
89
88
104
48
27
144
88
63
198
129
124
40
77
128
44
168
65
172
184
41
37
34
125
156
76
19
23
167
Sortiertes Feld:
0 10** 100* 101 102* 104* 105** 106 109* 11* 110 112* 113* 114 115 117 118 119* 12 120 122 124 125 128 129 13* 131 132* 134 135 136 137* 139** 14 140** 142 143 144* 145 147 148** 149 15 151 153 154 156* 159* 16 161 162* 165 166** 167* 168 17 172* 173 174 176* 177 182* 184 188* 189** 19* 190 191 192 195* 198 199 2** 22 23** 24* 25* 26 27** 28 29 34** 36 37** 38 39 4 40*** 41* 42** 44 48* 50* 51 52 54 55 56 57* 58 6 60 61 62* 63 64 65** 67* 68 69 7 70 71 75 76 77 78 79 8 81 82 83 84 86 87 88**** 89 90 91 94 96 97 98 99*
n = 200
==4556== 
==4556== HEAP SUMMARY:
==4556==     in use at exit: 0 bytes in 0 blocks
==4556==   total heap usage: 3 allocs, 3 frees, 1,604 bytes allocated
==4556== 
==4556== All heap blocks were freed -- no leaks are possible
==4556== 
==4556== For counts of detected and suppressed errors, rerun with: -v
==4556== ERROR SUMMARY: 0 errors from 0 contexts (suppressed: 0 from 0)
ro851rud@g149-lx06:~/z-drive/sypr-uebung/Aufgabe3$ time ./stringsort 20000 > /dev/null

real    0m2.769s
user    0m2.764s
sys     0m0.000s
ro851rud@g149-lx06:~/z-drive/sypr-uebung/Aufgabe3$ time ./stringsort-optimiert 20000 > /dev/null

real    0m2.919s
user    0m2.916s
sys     0m0.000s
 
