424195
554193
1448563
2363122
2769393
5299174
5357935
5930624
7754992
8553094
9401198
11145342
11745827
11858801
13599320
16052874
19391873
21051932
21402108
21637298
26210100
27096854
27978290
30583304
34318849
34852695
35967245
38988410
39848301
44075944
48417349
52974512
54000549
54357090
57369354
59562178
65953463
66055207
72432227
79496824
80199767
80822868
82476793
83845748
88337390
88591539
93208892
93274924
94120958
98551331
102785936
104651868
106306323
107235574
116580582
117840369
119396835
120375440
125406740
129660620
131180406
132458034
135964576
142380087
145244970
146926094
147595406
152941692
153878804
154466792
155445414
155838362
157216412
159026605
159977141
162527204
163403240
166956690
168048319
171333410
173921383
175643606
179028178
182979958
183211433
186600226
190905946
192733139
196367880
198889799
208217542
209161033
210522208
220407463
222467521
225099899
231789951
234375117
234484088
235039164
240624231
242929324
247893746
255843373
257910973
259175506
259598413
263338173
265768996
266024517
269227772
274291596
278455016
283086459
284822974
287305713
287591392
294914997
297345991
299374505
299374989
301561163
301949798
313948953
316092431
318948813
318983289
323918186
325887038
327813304
329150788
329554555
330124620
330246671
331069075
331752600
335848249
336564024
342730414
342829394
342995630
344781858
346373729
346441182
348434724
351311651
353456719
354648545
357022851
357110526
357742638
357965104
359172803
362279306
366056368
366507347
367349587
368731570
371945075
373495417
373716614
374947233
375772948
380639968
385429593
388401519
388744913
392389179
393491652
394538839
400107503
402896929
403381480
408829669
410519482
413373467
428663983
430134342
432121494
433131286
434291758
437462059
438052949
438969168
440418613
441281746
442348453
442941071
447537893
449728232
451749651
453701606
459907291
467836982
468511611
469005149
469949168
471362382
472321885
473848860
474163727
474472428
477333090
478016316
479148034
479410865
481229765
482987686
485099024
488663216
489782791
491362091
491973019
492787839
497605909
500466382
504739811
506476028
511324357
512109691
512407834
515246790
516951399
517812005
518104756
519102760
519632377
526797826
529594543
530436280
534737655
537584032
541456890
543284776
545235631
545473692
546348220
547534704
547557211
547588069
548983267
549342765
551183542
552486339
555750727
555792420
557493563
559307071
559322734
560955263
562885413
565632249
568027262
570942670
573244903
573505135
575182930
575506607
577053753
580203013
580310410
583865903
584302135
584540598
585562679
588485046
588585662
595299764
606320192
608288700
609470211
610593842
614753741
616515208
616740835
618562755
622987628
623173292
623545032
626213956
626514738
628157546
632790749
643108960
643294457
643936803
656037284
661904112
662296201
663947435
665843575
666985810
673303861
674249114
676711640
679343757
682069575
683659377
685809020
689340675
690174968
690241878
693035082
693628936
696250551
697890490
702199871
702830179
703411341
703573974
704241343
706485638
708352801
710285445
720365415
721388415
722982405
723520778
723536598
728262147
730332406
730526407
732936035
733884165
735899740
739229750
744478398
746424228
754097588
755991503
757558888
760937696
765208161
766556789
766612847
769119402
772690417
774451804
778673421
783780215
783869987
785514832
787811008
789410933
789430909
789710839
789729166
790488529
792096054
793311889
793330207
793526133
795397125
796479870
797434617
797671726
798803311
799017313
801153215
801487002
802399869
803289818
803523272
807281787
808772503
816477455
817325597
817657557
817809113
819921204
823975222
825004297
827723788
831187239
832198594
835450564
836655099
838709489
839105243
841954274
842870061
843367096
844382651
850895487
858198514
861186000
861324281
862140397
875643510
878053471
878246550
881873263
882673353
888119657
890428345
891216444
891873849
893503460
897128516
900175023
900609223
904893854
912406666
912953085
920181683
924564817
928117431
933795725
934962337
935125166
936586216
938899282
939962702
940021949
949090122
949450269
949514317
950431633
951496817
952594804
952693921
953912280
957057914
964469032
966826150
971567705
973800945
979079438
980639755
981863772
981866358
982220709
983874524
986766197
995838699
996734669
997811939
998461460
999260502
1000231352
1000484531
1001258817
1004151706
1004264813
1005112272
1005903460
1007416735
1007679790
1009664865
1009818868
1010511505
1011977179
1015251157
1015339979
1015469861
1016008858
1017837839
1020113203
1021016056
1024517525
1025273224
1025893988
1026946680
1027889841
1028792245
1031522735
1038295957
1042391940
1044307149
1045161304
1046951783
1047358134
1047528091
1047749875
1051416683
1051516619
1051594702
1052546188
1053307634
1056615704
1057468932
1059760334
1063951463
1064046882
1065111760
1065173936
1065456554
1065572495
1066374656
1066578257
1067006435
1069810656
1069965391
1073069361
1074898283
1080214470
1080734101
1083733530
1083984801
1084340936
1084855882
1086285900
1086998989
1088050272
1089052044
1096724399
1097066877
1097220338
1097332851
1099520898
1100779624
1105503364
1106573456
1106818008
1111328865
1113610234
1119168913
1121577302
1123173266
1123429009
1126131840
1126528864
1127949642
1129949577
1130723914
1130951812
1131239639
1131573584
1137835778
1137928428
1138477841
1140358477
1142478675
1145359065
1145789907
1145997536
1147257431
1147474322
1149293402
1149576894
1151472262
1156768416
1157400276
1160930546
1166044070
1166996363
1169129961
1172313132
1172714505
1177459217
1181964683
1182951273
1185291475
1185806898
1187345824
1187457879
1189150042
1192091456
1193046860
1193528087
1197779230
1205442916
1210389892
1210765898
1215208666
1220760037
1224632575
1224909054
1226098600
1226717025
1227111008
1227424665
1230238028
1231231433
1232017589
1234434257
1237009788
1237558132
1242124555
1243224283
1245334736
1246931422
1249198096
1255836803
1257836717
1259936010
1261073103
1261907241
1264015348
1266857673
1268583537
1269453989
1269627067
1270019097
1271944939
1272144423
1275313786
1281468098
1282567255
1283457140
1285420492
1285878056
1286516498
1290413292
1293914358
1295115103
1299144614
1301724223
1302443619
1302837478
1304127072
1306954700
1307070240
1310356887
1311449403
1314666588
1321102308
1323226474
1326412415
1329861932
1332665041
1334313103
1335677428
1336075799
1336676225
1340437454
1341474021
1343893645
1345338627
1345452162
1347614188
1349502952
1352414948
1355218961
1355397844
1357973990
1360014483
1363131249
1363750403
1366383054
1366519797
1367531295
1368113843
1370154025
1374843022
1377538093
1378038001
1378731793
1381815253
1381966683
1383793016
1384710698
1387309067
1388490608
1390550225
1396839141
1400947942
1402951775
1404455102
1406241521
1407039453
1410897323
1411394763
1413811562
1414809405
1415586940
1417809577
1418689098
1418747354
1423306607
1423809689
1425522269
1425777096
1427163778
1432858209
1435550576
1437880909
1440195219
1450407472
1454242341
1455198511
1455434338
1456738390
1459393097
1460838674
1463922069
1468038813
1469605559
1472776424
1473016315
1475563135
1485682424
1485979653
1490917358
1491384983
1496817257
1499414901
1501297046
1501793645
1510531420
1512569170
1515247092
1517000595
1517293061
1517980236
1518622201
1520377244
1520832348
1520983820
1523515068
1526961678
1530979694
1531795618
1532714737
1540079899
1541199474
1544322738
1547298482
1548243770
1551985638
1552495664
1554003958
1558624755
1559792583
1560189664
1568384260
1568475320
1570951996
1572695455
1574377794
1575609961
1581858887
1583700946
1584786995
1585244200
1586700375
1587897396
1589118081
1591538827
1593477450
1595136990
1597103001
1601474648
1604153528
1605988167
1610059622
1610848163
1611053549
1615706114
1619048548
1619895188
1622215057
1630744009
1632251785
1633994638
1638217614
1639720662
1640524234
1649609562
1661176209
1661538895
1666246313
1670794758
1675936069
1679767865
1684834000
1685396535
1690336527
1695346167
1695862733
1696940826
1698889621
1702132167
1705456184
1705988242
1707974283
1708654431
1708880093
1708978465
1709595725
1709717882
1711117472
1713344561
1717597784
1719896124
1722403683
1724528758
1724881945
1726320520
1728117827
1729068030
1729819450
1729926389
1733272466
1736242643
1737206000
1738792053
1738824489
1739468116
1741412787
1742167426
1744045707
1746497602
1747526129
1748235556
1750282224
1751328497
1755859765
1756276208
1757588202
1758922205
1759219511
1759985624
1760595091
1761268060
1762497427
1765615393
1765969089
1767591316
1770552964
1777310705
1777390947
1781393032
1781612080
1783373924
1783378525
1785266327
1787517988
1787919412
1788315649
1790130525
1792871351
1793347864
1796092316
1799013890
1801520249
1802910001
1802950910
1805219464
1808697851
1808995994
1813179465
1813219859
1815097969
1816657519
1818970313
1820095873
1820891274
1821211149
1824365202
1826787260
1827056805
1829810381
1829930103
1832380534
1840007741
1851052741
1851360628
1851852367
1852433529
1852842689
1853638622
1853786582
1859629794
1862854526
1867336413
1868768703
1877487518
1882367651
1883420050
1884339492
1886589662
1887733112
1887864208
1890131462
1890925854
1892959596
1893469025
1899895132
1901620385
1902630395
1904128516
1904543942
1905625549
1906172117
1918480324
1921863920
1921925990
1922054535
1924417657
1925878895
1926671830
1928128518
1929435499
1930529700
1930801036
1931232806
1932136573
1934808234
1935206376
1936332121
1939209659
1940622862
1940943271
1941460180
1942135253
1944368669
1946125199
1947194502
1948767615
1948960774
1957794701
1958237211
1961935160
1963289016
1963610348
1964741591
1967181458
1968866548
1969401299
1969420742
1972727872
1972742223
1974304322
1981527823
1986742190
1986976045
1987400240
1987830185
1996228469
1996817905
2001506673
2006360239
2009085048
2011077686
2012861123
2013187066
2015021186
2017464562
2024404998
2024567587
2026577858
2027406761
2028913998
2029678990
2032109841
2033429178
2034218195
2035901729
2038806285
2040147377
2040742326
2041041818
2043030901
2045645835
2045872107
2049406342
2050598443
2059573930
2061599251
2062158046
2074414621
2077634047
2080251349
2080801785
2080890525
2083106566
2084546013
2087124548
2087314163
2087378697
2093163166
2094078461
2095158646
2095772013
2098866934
2099088763
2104969085
2105493057
2105988582
2106516421
2106995281
2111889359
2112524278
2118348907
2119124445
2119542529
2120488358
2120579953
2121912301
2122308161
2127101446
2127825581
2131509672
2134494712
2141317539
2142376853
2144484219
2146637008
2147229499
